None
-0.730769230769 0.269230769231 -0.692307692308
-0.730769230769 0.269230769231 -0.692307692308
-0.730769230769 0.269230769231 -0.692307692308
-0.730769230769 0.25 -0.692307692308
-0.730769230769 0.25 -0.692307692308
-0.730769230769 0.25 -0.692307692308
-0.730769230769 0.25 -0.692307692308
-0.730769230769 0.25 -0.692307692308
-0.730769230769 0.25 -0.692307692308
-0.730769230769 0.269230769231 -0.692307692308
-0.730769230769 0.269230769231 -0.692307692308
-0.730769230769 0.269230769231 -0.692307692308
-0.730769230769 0.269230769231 -0.692307692308
-0.730769230769 0.25 -0.692307692308
-0.730769230769 0.25 -0.692307692308
-0.730769230769 0.25 -0.692307692308
-0.711538461538 0.25 -0.692307692308
-0.730769230769 0.230769230769 -0.692307692308
-0.730769230769 0.288461538462 -0.692307692308
-0.730769230769 0.288461538462 -0.692307692308
-0.730769230769 0.25 -0.692307692308
-0.711538461538 0.25 -0.692307692308
-0.711538461538 0.25 -0.692307692308
-0.730769230769 0.25 -0.692307692308
-0.730769230769 0.288461538462 -0.692307692308
-0.730769230769 0.269230769231 -0.692307692308
-0.730769230769 0.269230769231 -0.692307692308
-0.730769230769 0.211538461538 -0.692307692308
-0.75 0.153846153846 -0.711538461538
-0.769230769231 0.153846153846 -0.711538461538
-0.769230769231 0.153846153846 -0.711538461538
-0.75 0.192307692308 -0.711538461538
-0.730769230769 0.211538461538 -0.692307692308
-0.730769230769 0.25 -0.692307692308
-0.730769230769 0.269230769231 -0.692307692308
-0.730769230769 0.288461538462 -0.692307692308
-0.730769230769 0.288461538462 -0.692307692308
-0.711538461538 0.288461538462 -0.692307692308
-0.711538461538 0.288461538462 -0.692307692308
-0.711538461538 0.288461538462 -0.692307692308
-0.730769230769 0.269230769231 -0.692307692308
-0.730769230769 0.25 -0.692307692308
-0.730769230769 0.25 -0.692307692308
-0.730769230769 0.25 -0.692307692308
-0.730769230769 0.25 -0.692307692308
-0.730769230769 0.269230769231 -0.692307692308
-0.730769230769 0.288461538462 -0.692307692308
-0.730769230769 0.288461538462 -0.692307692308
-0.730769230769 0.25 -0.692307692308
-0.711538461538 0.25 -0.692307692308
-0.730769230769 0.25 -0.692307692308
-0.730769230769 0.269230769231 -0.692307692308
-0.730769230769 0.25 -0.692307692308
-0.730769230769 0.25 -0.692307692308
-0.711538461538 0.25 -0.692307692308
-0.730769230769 0.25 -0.692307692308
-0.730769230769 0.25 -0.692307692308
-0.730769230769 0.25 -0.711538461538
-0.730769230769 0.25 -0.692307692308
-0.730769230769 0.25 -0.692307692308
-0.730769230769 0.25 -0.692307692308
-0.730769230769 0.25 -0.692307692308
-0.730769230769 0.25 -0.692307692308
-0.75 0.25 -0.711538461538
-0.75 0.288461538462 -0.692307692308
-0.730769230769 0.288461538462 -0.692307692308
-0.730769230769 0.288461538462 -0.692307692308
-0.692307692308 0.307692307692 -0.692307692308
-0.692307692308 0.288461538462 -0.692307692308
-0.730769230769 0.269230769231 -0.711538461538
-0.769230769231 0.25 -0.730769230769
-0.730769230769 0.230769230769 -0.692307692308
-0.711538461538 0.25 -0.692307692308
-0.711538461538 0.288461538462 -0.692307692308
-0.730769230769 0.288461538462 -0.692307692308
-0.769230769231 0.269230769231 -0.711538461538
-0.730769230769 0.25 -0.692307692308
-0.730769230769 0.230769230769 -0.692307692308
-0.711538461538 0.230769230769 -0.692307692308
-0.730769230769 0.25 -0.692307692308
-0.730769230769 0.288461538462 -0.692307692308
-0.730769230769 0.288461538462 -0.692307692308
-0.730769230769 0.25 -0.692307692308
-0.730769230769 0.25 -0.692307692308
-0.730769230769 0.25 -0.692307692308
-0.730769230769 0.25 -0.692307692308
-0.730769230769 0.25 -0.692307692308
-0.730769230769 0.269230769231 -0.692307692308
-0.730769230769 0.288461538462 -0.692307692308
-0.730769230769 0.269230769231 -0.692307692308
-0.730769230769 0.25 -0.692307692308
-0.730769230769 0.25 -0.692307692308
-0.730769230769 0.25 -0.692307692308
-0.730769230769 0.25 -0.692307692308
-0.711538461538 0.25 -0.692307692308
-0.730769230769 0.25 -0.692307692308
-0.730769230769 0.25 -0.692307692308
-0.730769230769 0.25 -0.692307692308
-0.730769230769 0.25 -0.692307692308
-0.730769230769 0.25 -0.692307692308
-0.730769230769 0.25 -0.692307692308
-0.730769230769 0.269230769231 -0.692307692308
-0.730769230769 0.288461538462 -0.692307692308
-0.730769230769 0.288461538462 -0.692307692308
-0.730769230769 0.25 -0.692307692308
-0.730769230769 0.25 -0.692307692308
-0.730769230769 0.25 -0.692307692308
-0.730769230769 0.25 -0.692307692308
-0.730769230769 0.25 -0.692307692308
-0.730769230769 0.25 -0.692307692308
-0.711538461538 0.25 -0.692307692308
-0.730769230769 0.25 -0.692307692308
-0.730769230769 0.25 -0.692307692308
-0.730769230769 0.25 -0.692307692308
-0.730769230769 0.25 -0.692307692308
-0.730769230769 0.25 -0.692307692308
-0.730769230769 0.269230769231 -0.692307692308
-0.730769230769 0.25 -0.692307692308
-0.730769230769 0.25 -0.692307692308
-0.730769230769 0.25 -0.692307692308
-0.730769230769 0.25 -0.692307692308
-0.730769230769 0.25 -0.692307692308
-0.730769230769 0.25 -0.692307692308
-0.730769230769 0.25 -0.692307692308
-0.730769230769 0.25 -0.692307692308
-0.730769230769 0.25 -0.692307692308
-0.730769230769 0.25 -0.692307692308
-0.730769230769 0.25 -0.692307692308
-0.730769230769 0.25 -0.692307692308
-0.730769230769 0.25 -0.692307692308
-0.730769230769 0.25 -0.692307692308
-0.730769230769 0.25 -0.692307692308
-0.730769230769 0.25 -0.692307692308
-0.730769230769 0.25 -0.692307692308
-0.730769230769 0.269230769231 -0.692307692308
-0.730769230769 0.269230769231 -0.692307692308
-0.730769230769 0.25 -0.692307692308
-0.730769230769 0.25 -0.692307692308
-0.730769230769 0.25 -0.692307692308
-0.730769230769 0.25 -0.692307692308
-0.730769230769 0.25 -0.692307692308
-0.730769230769 0.25 -0.692307692308
-0.730769230769 0.25 -0.692307692308
-0.730769230769 0.25 -0.692307692308
-0.730769230769 0.25 -0.692307692308
-0.730769230769 0.25 -0.692307692308
-0.730769230769 0.25 -0.692307692308
-0.730769230769 0.25 -0.692307692308
-0.730769230769 0.25 -0.692307692308
-0.730769230769 0.25 -0.692307692308
-0.730769230769 0.25 -0.692307692308
-0.730769230769 0.25 -0.692307692308
-0.711538461538 0.25 -0.692307692308
-0.730769230769 0.269230769231 -0.692307692308
-0.730769230769 0.25 -0.692307692308
-0.730769230769 0.25 -0.692307692308
-0.730769230769 0.25 -0.692307692308
-0.730769230769 0.25 -0.692307692308
-0.730769230769 0.25 -0.692307692308
-0.730769230769 0.25 -0.692307692308
-0.730769230769 0.269230769231 -0.692307692308
-0.730769230769 0.269230769231 -0.692307692308
-0.730769230769 0.269230769231 -0.692307692308
-0.730769230769 0.25 -0.692307692308
-0.730769230769 0.25 -0.692307692308
-0.730769230769 0.25 -0.692307692308
-0.730769230769 0.25 -0.692307692308
-0.730769230769 0.25 -0.692307692308
-0.730769230769 0.25 -0.692307692308
-0.730769230769 0.269230769231 -0.692307692308
-0.730769230769 0.269230769231 -0.692307692308
-0.730769230769 0.269230769231 -0.692307692308
-0.730769230769 0.25 -0.692307692308
-0.730769230769 0.25 -0.692307692308
-0.730769230769 0.25 -0.692307692308
-0.730769230769 0.25 -0.692307692308
-0.730769230769 0.25 -0.692307692308
-0.730769230769 0.25 -0.692307692308
-0.730769230769 0.25 -0.692307692308
-0.730769230769 0.25 -0.692307692308
-0.730769230769 0.269230769231 -0.692307692308
-0.730769230769 0.269230769231 -0.692307692308
-0.730769230769 0.25 -0.692307692308
-0.730769230769 0.25 -0.692307692308
-0.730769230769 0.25 -0.692307692308
-0.730769230769 0.25 -0.692307692308
-0.730769230769 0.25 -0.692307692308
-0.730769230769 0.25 -0.692307692308
-0.730769230769 0.269230769231 -0.692307692308
-0.730769230769 0.269230769231 -0.692307692308
-0.730769230769 0.25 -0.692307692308
-0.730769230769 0.25 -0.692307692308
-0.730769230769 0.25 -0.692307692308
-0.730769230769 0.25 -0.692307692308
-0.730769230769 0.25 -0.692307692308
-0.730769230769 0.269230769231 -0.692307692308
-0.730769230769 0.25 -0.692307692308
-0.730769230769 0.25 -0.692307692308
-0.730769230769 0.25 -0.692307692308
-0.730769230769 0.25 -0.692307692308
-0.730769230769 0.269230769231 -0.692307692308
-0.730769230769 0.25 -0.692307692308
-0.730769230769 0.25 -0.692307692308
-0.730769230769 0.25 -0.692307692308
-0.730769230769 0.25 -0.692307692308
-0.730769230769 0.25 -0.692307692308
-0.730769230769 0.25 -0.692307692308
-0.730769230769 0.269230769231 -0.692307692308
-0.730769230769 0.230769230769 -0.692307692308
-0.730769230769 0.211538461538 -0.692307692308
-0.730769230769 0.211538461538 -0.692307692308
-0.730769230769 0.211538461538 -0.692307692308
-0.730769230769 0.211538461538 -0.692307692308
-0.730769230769 0.25 -0.692307692308
-0.730769230769 0.25 -0.692307692308
-0.730769230769 0.269230769231 -0.692307692308
-0.730769230769 0.288461538462 -0.692307692308
-0.730769230769 0.288461538462 -0.692307692308
-0.730769230769 0.269230769231 -0.692307692308
-0.730769230769 0.269230769231 -0.692307692308
-0.730769230769 0.269230769231 -0.692307692308
-0.730769230769 0.288461538462 -0.692307692308
-0.730769230769 0.288461538462 -0.692307692308
-0.730769230769 0.269230769231 -0.692307692308
-0.730769230769 0.25 -0.692307692308
-0.730769230769 0.25 -0.692307692308
-0.730769230769 0.25 -0.692307692308
-0.730769230769 0.269230769231 -0.692307692308
-0.711538461538 0.288461538462 -0.692307692308
-0.730769230769 0.288461538462 -0.692307692308
-0.730769230769 0.288461538462 -0.692307692308
-0.730769230769 0.288461538462 -0.692307692308
-0.730769230769 0.269230769231 -0.692307692308
-0.730769230769 0.288461538462 -0.692307692308
-0.730769230769 0.269230769231 -0.692307692308
-0.730769230769 0.25 -0.692307692308
-0.730769230769 0.25 -0.692307692308
-0.75 0.25 -0.711538461538
-0.730769230769 0.269230769231 -0.692307692308
-0.711538461538 0.269230769231 -0.692307692308
-0.730769230769 0.25 -0.692307692308
-0.730769230769 0.288461538462 -0.692307692308
-0.730769230769 0.288461538462 -0.692307692308
-0.730769230769 0.25 -0.692307692308
-0.711538461538 0.25 -0.692307692308
-0.711538461538 0.25 -0.692307692308
-0.730769230769 0.25 -0.711538461538
-0.711538461538 0.25 -0.692307692308
-0.75 0.25 -0.711538461538
-0.730769230769 0.269230769231 -0.692307692308
-0.711538461538 0.288461538462 -0.692307692308
-0.711538461538 0.288461538462 -0.692307692308
-0.730769230769 0.288461538462 -0.692307692308
-0.730769230769 0.288461538462 -0.711538461538
-0.711538461538 0.25 -0.692307692308
-0.730769230769 0.230769230769 -0.692307692308
-0.730769230769 0.230769230769 -0.692307692308
-0.730769230769 0.25 -0.692307692308
-0.730769230769 0.25 -0.692307692308
-0.730769230769 0.25 -0.692307692308
-0.730769230769 0.269230769231 -0.692307692308
-0.711538461538 0.25 -0.692307692308
-0.730769230769 0.269230769231 -0.692307692308
-0.730769230769 0.25 -0.692307692308
-0.730769230769 0.25 -0.692307692308
-0.730769230769 0.25 -0.692307692308
-0.730769230769 0.25 -0.692307692308
-0.730769230769 0.25 -0.692307692308
-0.730769230769 0.25 -0.692307692308
-0.730769230769 0.269230769231 -0.692307692308
-0.730769230769 0.25 -0.692307692308
-0.730769230769 0.25 -0.692307692308
-0.730769230769 0.25 -0.692307692308
-0.730769230769 0.25 -0.692307692308
-0.730769230769 0.25 -0.692307692308
-0.730769230769 0.25 -0.692307692308
-0.730769230769 0.25 -0.692307692308
-0.730769230769 0.25 -0.692307692308
-0.730769230769 0.25 -0.692307692308
-0.730769230769 0.25 -0.692307692308
-0.730769230769 0.25 -0.692307692308
-0.730769230769 0.25 -0.692307692308
-0.730769230769 0.25 -0.692307692308
-0.730769230769 0.25 -0.692307692308
-0.730769230769 0.25 -0.692307692308
-0.730769230769 0.269230769231 -0.692307692308
-0.730769230769 0.25 -0.692307692308
-0.730769230769 0.25 -0.692307692308
-0.711538461538 0.25 -0.692307692308
-0.730769230769 0.25 -0.692307692308
-0.730769230769 0.269230769231 -0.692307692308
-0.730769230769 0.25 -0.692307692308
-0.730769230769 0.25 -0.692307692308
-0.730769230769 0.25 -0.692307692308
-0.730769230769 0.25 -0.692307692308
-0.730769230769 0.25 -0.692307692308
-0.730769230769 0.269230769231 -0.692307692308
-0.730769230769 0.269230769231 -0.692307692308
-0.730769230769 0.25 -0.692307692308
-0.730769230769 0.25 -0.692307692308
-0.730769230769 0.25 -0.692307692308
-0.730769230769 0.25 -0.692307692308
-0.730769230769 0.25 -0.692307692308
-0.730769230769 0.25 -0.692307692308
-0.730769230769 0.25 -0.692307692308
-0.730769230769 0.269230769231 -0.692307692308
-0.730769230769 0.25 -0.692307692308
-0.730769230769 0.25 -0.692307692308
-0.730769230769 0.25 -0.692307692308
-0.730769230769 0.25 -0.692307692308
-0.730769230769 0.25 -0.692307692308
-0.730769230769 0.25 -0.711538461538
-0.730769230769 0.25 -0.692307692308
-0.730769230769 0.25 -0.692307692308
-0.730769230769 0.25 -0.692307692308
-0.730769230769 0.25 -0.692307692308
-0.730769230769 0.25 -0.692307692308
-0.730769230769 0.25 -0.692307692308
-0.730769230769 0.25 -0.692307692308
-0.730769230769 0.25 -0.692307692308
-0.730769230769 0.25 -0.692307692308
-0.730769230769 0.25 -0.692307692308
-0.730769230769 0.25 -0.692307692308
-0.730769230769 0.25 -0.692307692308
-0.730769230769 0.269230769231 -0.692307692308
-0.711538461538 0.25 -0.692307692308
-0.711538461538 0.25 -0.692307692308
-0.730769230769 0.25 -0.692307692308
-0.730769230769 0.25 -0.692307692308
-0.730769230769 0.25 -0.692307692308
-0.730769230769 0.25 -0.692307692308
-0.730769230769 0.25 -0.692307692308
-0.730769230769 0.25 -0.692307692308
-0.730769230769 0.25 -0.692307692308
-0.730769230769 0.25 -0.692307692308
-0.730769230769 0.25 -0.692307692308
-0.730769230769 0.25 -0.692307692308
-0.730769230769 0.25 -0.692307692308
-0.730769230769 0.25 -0.692307692308
-0.730769230769 0.25 -0.692307692308
-0.730769230769 0.25 -0.692307692308
-0.730769230769 0.25 -0.692307692308
-0.730769230769 0.269230769231 -0.692307692308
-0.730769230769 0.25 -0.692307692308
-0.730769230769 0.269230769231 -0.692307692308
-0.730769230769 0.25 -0.692307692308
-0.730769230769 0.25 -0.692307692308
-0.730769230769 0.25 -0.692307692308
-0.730769230769 0.25 -0.692307692308
-0.730769230769 0.25 -0.692307692308
-0.730769230769 0.25 -0.692307692308
-0.730769230769 0.269230769231 -0.692307692308
-0.730769230769 0.25 -0.692307692308
-0.730769230769 0.25 -0.692307692308
-0.730769230769 0.25 -0.692307692308
-0.730769230769 0.25 -0.692307692308
-0.730769230769 0.25 -0.692307692308
-0.730769230769 0.25 -0.692307692308
-0.730769230769 0.25 -0.692307692308
-0.730769230769 0.25 -0.692307692308
-0.730769230769 0.269230769231 -0.692307692308
-0.730769230769 0.25 -0.692307692308
-0.730769230769 0.25 -0.692307692308
-0.730769230769 0.25 -0.692307692308
-0.730769230769 0.25 -0.692307692308
-0.730769230769 0.25 -0.692307692308
-0.730769230769 0.25 -0.692307692308
-0.730769230769 0.25 -0.692307692308
-0.730769230769 0.25 -0.692307692308
-0.730769230769 0.269230769231 -0.692307692308
-0.730769230769 0.25 -0.692307692308
-0.730769230769 0.25 -0.692307692308
-0.730769230769 0.25 -0.692307692308
-0.730769230769 0.25 -0.692307692308
-0.730769230769 0.25 -0.692307692308
-0.730769230769 0.25 -0.692307692308
-0.730769230769 0.25 -0.692307692308
-0.730769230769 0.25 -0.692307692308
-0.730769230769 0.25 -0.692307692308
-0.730769230769 0.25 -0.692307692308
-0.711538461538 0.25 -0.692307692308
-0.711538461538 0.25 -0.692307692308
-0.730769230769 0.25 -0.692307692308
-0.730769230769 0.25 -0.692307692308
-0.730769230769 0.25 -0.692307692308
-0.730769230769 0.25 -0.692307692308
-0.730769230769 0.25 -0.692307692308
-0.730769230769 0.25 -0.692307692308
-0.730769230769 0.269230769231 -0.692307692308
-0.730769230769 0.269230769231 -0.692307692308
-0.730769230769 0.25 -0.692307692308
-0.730769230769 0.25 -0.692307692308
-0.730769230769 0.25 -0.692307692308
-0.730769230769 0.25 -0.692307692308
-0.730769230769 0.25 -0.692307692308
-0.730769230769 0.25 -0.692307692308
-0.730769230769 0.25 -0.692307692308
-0.730769230769 0.269230769231 -0.692307692308
-0.730769230769 0.269230769231 -0.692307692308
-0.730769230769 0.25 -0.692307692308
-0.730769230769 0.25 -0.692307692308
-0.730769230769 0.25 -0.692307692308
-0.730769230769 0.25 -0.692307692308
-0.730769230769 0.25 -0.692307692308
-0.730769230769 0.25 -0.692307692308
-0.730769230769 0.288461538462 -0.692307692308
-0.730769230769 0.269230769231 -0.692307692308
-0.730769230769 0.25 -0.692307692308
-0.730769230769 0.25 -0.692307692308
-0.730769230769 0.25 -0.692307692308
-0.730769230769 0.25 -0.692307692308
-0.730769230769 0.25 -0.692307692308
-0.730769230769 0.25 -0.692307692308
-0.730769230769 0.25 -0.692307692308
-0.730769230769 0.25 -0.692307692308
-0.730769230769 0.25 -0.692307692308
-0.730769230769 0.25 -0.692307692308
-0.730769230769 0.25 -0.692307692308
-0.730769230769 0.25 -0.692307692308
-0.730769230769 0.25 -0.692307692308
-0.730769230769 0.25 -0.692307692308
-0.730769230769 0.25 -0.692307692308
-0.730769230769 0.25 -0.692307692308
-0.730769230769 0.25 -0.692307692308
-0.730769230769 0.269230769231 -0.692307692308
-0.730769230769 0.269230769231 -0.692307692308
-0.730769230769 0.25 -0.692307692308
-0.730769230769 0.25 -0.692307692308
-0.730769230769 0.25 -0.692307692308
-0.730769230769 0.25 -0.692307692308
-0.730769230769 0.25 -0.692307692308
-0.730769230769 0.25 -0.692307692308
-0.730769230769 0.269230769231 -0.692307692308
-0.730769230769 0.25 -0.692307692308
-0.730769230769 0.25 -0.692307692308
-0.730769230769 0.25 -0.692307692308
-0.730769230769 0.25 -0.692307692308
-0.730769230769 0.25 -0.692307692308
-0.730769230769 0.25 -0.692307692308
-0.730769230769 0.25 -0.692307692308
-0.730769230769 0.25 -0.692307692308
-0.730769230769 0.269230769231 -0.692307692308
-0.730769230769 0.269230769231 -0.692307692308
-0.730769230769 0.25 -0.692307692308
-0.730769230769 0.25 -0.692307692308
-0.730769230769 0.25 -0.692307692308
-0.730769230769 0.25 -0.692307692308
-0.730769230769 0.25 -0.692307692308
-0.730769230769 0.25 -0.692307692308
-0.730769230769 0.269230769231 -0.692307692308
